skip 
     Z (m)	  Az (m2)	 Tz (deg C)	  Cz(mg/m3)	  POCz (mg/m3)	  TPz (mg/m3)	 DOPz (mg/m3)	    Chlaz (mg/m3)	   DOCz (mg/m3)	    TPz_sed (mg/m3)	 Chlaz_sed (mg/m3)	   Fvol_IM (m3/m3, dry w.)	 Hice (m)	 Hsnow (m)	 O2z (mg/m3)	 DICz (mg/m3)	 NO3z (mg/m3)	 NH4z (mg/m3)	 SO4z (mg/m3)	 HSz (mg/m3)	 H2Sz (mg/m3)	 Fe2z (mg/m3)	 Ca2z (mg/m3)	 pHz (mg/m3)	 CH4aqz (mg/m3)	 Fe3z (mg/m3)	 Al3z (mg/m3)	 FeSz (mg/m3)	 CaCO3z (mg/m3)	 CH4gz (mg/m3)	 POPz (mg/m3)
    
0.00	462094	2.06	0	0	0	0	0	0	0	0	0	0	0	10484.00	0	0	0	0	0	0	0	0	0	0	0	0	0	0	0	0
1.00	420109	1.99	0	0	0	0	0	0	0	0	0	0	0	10510.18	0	0	0	0	0	0	0	0	0	0	0	0	0	0	0	0
2.00	384320	1.97	0	0	0	0	0	0	0	0	0	0	0	9202.60	0	0	0	0	0	0	0	0	0	0	0	0	0	0	0	0
3.00	356759	1.92	0	0	0	0	0	0	0	0	0	0	0	7680.20	0	0	0	0	0	0	0	0	0	0	0	0	0	0	0	0
4.00	324910	2.08	0	0	0	0	0	0	0	0	0	0	0	6157.80	0	0	0	0	0	0	0	0	0	0	0	0	0	0	0	0
5.00	260222	2.41	0	0	0	0	0	0	0	0	0	0	0	4635.40	0	0	0	0	0	0	0	0	0	0	0	0	0	0	0	0
6.00	161189	2.81	0	0	0	0	0	0	0	0	0	0	0	3337.69	0	0	0	0	0	0	0	0	0	0	0	0	0	0	0	0
7.00	51232	2.77	0	0	0	0	0	0	0	0	0	0	0	3632.00	0	0	0	0	0	0	0	0	0	0	0	0	0	0	0	0