skip 
     Z (m)	  Az (m2)	 Tz (deg C)	  Cz(mg/m3)	  POCz (mg/m3)	  TPz (mg/m3)	 DOPz (mg/m3)	    Chlaz (mg/m3)	   DOCz (mg/m3)	    TPz_sed (mg/m3)	 Chlaz_sed (mg/m3)	   Fvol_IM (m3/m3, dry w.)	 Hice (m)	 Hsnow (m)	 O2z (mg/m3)	 DICz (mg/m3)	 NO3z (mg/m3)	 NH4z (mg/m3)	 SO4z (mg/m3)	 HSz (mg/m3)	 H2Sz (mg/m3)	 Fe2z (mg/m3)	 Ca2z (mg/m3)	 pHz (mg/m3)	 CH4aqz (mg/m3)	 Fe3z (mg/m3)	 Al3z (mg/m3)	 FeSz (mg/m3)	 CaCO3z (mg/m3)	 CH4gz (mg/m3)	 POPz (mg/m3)
    
0.00	32133	6.60	0	7200.00	115.00	28.50	97.00	11300.00	0	0	0	0	0	11600.00	0	0	0	0	0	0	0	0	7.79	0	0	0	0	0	0	85.50
1.00	16713	6.80	0	7200.00	115.00	28.42	97.00	11266.67	0	0	0	0	0	11400.00	0	0	0	0	0	0	0	0	7.79	0	0	0	0	0	0	85.58
2.00	94673	6.80	0	7200.00	115.00	28.27	97.00	11200.00	0	0	0	0	0	11200.00	0	0	0	0	0	0	0	0	7.79	0	0	0	0	0	0	85.73
3.00	88994	6.80	0	7200.00	115.00	28.11	97.00	11133.33	0	0	0	0	0	11200.00	0	0	0	0	0	0	0	0	7.79	0	0	0	0	0	0	85.89
4.00	40683	6.90	0	7200.00	115.00	27.96	97.00	11066.67	0	0	0	0	0	11200.00	0	0	0	0	0	0	0	0	7.79	0	0	0	0	0	0	86.04
5.00	30413	6.90	0	7200.00	115.00	27.80	97.00	11000.00	0	0	0	0	0	11200.00	0	0	0	0	0	0	0	0	7.79	0	0	0	0	0	0	86.20
6.00	41475	6.90	0	7200.00	115.00	27.80	97.00	11000.00	0	0	0	0	0	11300.00	0	0	0	0	0	0	0	0	7.79	0	0	0	0	0	0	86.20
7.00	41475	6.90	0	7200.00	115.00	27.80	97.00	11000.00	0	0	0	0	0	11300.00	0	0	0	0	0	0	0	0	7.79	0	0	0	0	0	0	86.20